1 3 2
2 6 4
3 9 6
4 12 8
5 15 10
6 18 12
7 21 14
8 24 16
9 27 18
10 30 20
11 33 22
12 36 24
13 39 26
14 42 28
15 45 30
16 48 32
17 51 34
18 54 36
19 57 38
20 60 40
21 63 42
22 66 44
23 69 46
24 72 48
25 75 50
26 78 52
27 81 54
28 84 56
29 87 58
30 90 60
31 93 62
32 96 64
33 99 66
34 102 68
35 105 70
36 108 72
37 111 74
38 114 76
39 117 78
40 120 80
41 123 82
42 126 84
43 129 86
44 132 88
45 135 90
46 138 92
47 141 94
48 144 96
49 147 98
50 150 100
51 153 102
52 156 104
53 159 106
54 162 108
55 165 110
56 168 112
57 171 114
58 174 116
59 177 118
60 180 120
61 183 122
62 186 124
63 189 126
64 192 128
65 195 130
66 198 132
67 201 134
68 204 136
69 207 138
70 210 140
71 213 142
72 216 144
73 219 146
74 222 148
75 225 150
76 228 152
77 231 154
78 234 156
79 237 158
80 240 160
81 243 162
82 246 164
83 249 166
84 252 168
85 255 170
86 258 172
87 261 174
88 264 176
89 267 178
90 270 180
91 273 182
92 276 184
93 279 186
94 282 188
95 285 190
96 288 192
97 291 194
98 294 196
99 297 198
100 300 200
101 303 202
102 306 204
103 309 206
104 312 208
105 315 210
106 318 212
107 321 214
108 324 216
109 327 218
110 330 220
111 333 222
112 336 224
113 339 226
114 342 228
115 345 230
116 348 232
117 351 234
118 354 236
119 357 238
120 360 240
121 363 242
122 366 244
123 369 246
124 372 248
125 375 250
126 378 252
127 381 254
128 384 256
129 387 258
130 390 260
131 393 262
132 396 264
133 399 266
134 402 268
135 405 270
136 408 272
137 411 274
138 414 276
139 417 278
140 420 280
141 423 282
142 426 284
143 429 286
144 432 288
145 435 290
146 438 292
147 441 294
148 444 296
149 447 298
150 450 300
151 453 302
152 456 304
153 459 306
154 462 308
155 465 310
156 468 312
157 471 314
158 474 316
159 477 318
160 480 320
161 483 322
162 486 324
163 489 326
164 492 328
165 495 330
166 498 332
167 501 334
168 504 336
169 507 338
170 510 340
171 513 342
172 516 344
173 519 346
174 522 348
175 525 350
176 528 352
177 531 354
178 534 356
179 537 358
180 540 360
181 543 362
182 546 364
183 549 366
184 552 368
185 555 370
186 558 372
187 561 374
188 564 376
189 567 378
190 570 380
191 573 382
192 576 384
193 579 386
194 582 388
195 585 390
196 588 392
197 591 394
198 594 396
199 597 398
200 600 400
201 603 402
202 606 404
203 609 406
204 612 408
205 615 410
206 618 412
207 621 414
208 624 416
209 627 418
210 630 420
211 633 422
212 636 424
213 639 426
214 642 428
215 645 430
216 648 432
217 651 434
218 654 436
219 657 438
220 660 440
221 663 442
222 666 444
223 669 446
224 672 448
225 675 450
226 678 452
227 681 454
228 684 456
229 687 458
230 690 460
231 693 462
232 696 464
233 699 466
234 702 468
235 705 470
236 708 472
237 711 474
238 714 476
239 717 478
240 720 480
241 723 482
242 726 484
243 729 486
244 732 488
245 735 490
246 738 492
247 741 494
248 744 496
249 747 498
250 750 500
251 753 502
252 756 504
253 759 506
254 762 508
255 765 510
256 768 512
257 771 514
258 774 516
259 777 518
260 780 520
261 783 522
262 786 524
263 789 526
264 792 528
265 795 530
266 798 532
267 801 534
268 804 536
269 807 538
270 810 540
271 813 542
272 816 544
273 819 546
274 822 548
275 825 550
276 828 552
277 831 554
278 834 556
279 837 558
280 840 560
281 843 562
282 846 564
283 849 566
284 852 568
285 855 570
286 858 572
287 861 574
288 864 576
289 867 578
290 870 580
291 873 582
292 876 584
293 879 586
294 882 588
295 885 590
296 888 592
297 891 594
298 894 596
299 897 598
300 900 600
301 903 602
302 906 604
303 909 606
304 912 608
305 915 610
306 918 612
307 921 614
308 924 616
309 927 618
310 930 620
311 933 622
312 936 624
313 939 626
314 942 628
315 945 630
316 948 632
317 951 634
318 954 636
319 957 638
320 960 640
321 963 642
322 966 644
323 969 646
324 972 648
325 975 650
326 978 652
327 981 654
328 984 656
329 987 658
330 990 660
331 993 662
332 996 664
333 999 666
334 1002 668
335 1005 670
336 1008 672
337 1011 674
338 1014 676
339 1017 678
340 1020 680
341 1023 682
342 1026 684
343 1029 686
344 1032 688
345 1035 690
346 1038 692
347 1041 694
348 1044 696
349 1047 698
350 1050 700
351 1053 702
352 1056 704
353 1059 706
354 1062 708
355 1065 710
356 1068 712
357 1071 714
358 1074 716
359 1077 718
360 1080 720
361 1083 722
362 1086 724
363 1089 726
364 1092 728
365 1095 730
366 1098 732
367 1101 734
368 1104 736
369 1107 738
370 1110 740
371 1113 742
372 1116 744
373 1119 746
374 1122 748
375 1125 750
376 1128 752
377 1131 754
378 1134 756
379 1137 758
380 1140 760
381 1143 762
382 1146 764
383 1149 766
384 1152 768
385 1155 770
386 1158 772
387 1161 774
388 1164 776
389 1167 778
390 1170 780
391 1173 782
392 1176 784
393 1179 786
394 1182 788
395 1185 790
396 1188 792
397 1191 794
398 1194 796
399 1197 798
400 1200 800
401 1203 802
402 1206 804
403 1209 806
404 1212 808
405 1215 810
406 1218 812
407 1221 814
408 1224 816
409 1227 818
410 1230 820
411 1233 822
412 1236 824
413 1239 826
414 1242 828
415 1245 830
416 1248 832
417 1251 834
418 1254 836
419 1257 838
420 1260 840
421 1263 842
422 1266 844
423 1269 846
424 1272 848
425 1275 850
426 1278 852
427 1281 854
428 1284 856
429 1287 858
430 1290 860
431 1293 862
432 1296 864
433 1299 866
434 1302 868
435 1305 870
436 1308 872
437 1311 874
438 1314 876
439 1317 878
440 1320 880
441 1323 882
442 1326 884
443 1329 886
444 1332 888
445 1335 890
446 1338 892
447 1341 894
448 1344 896
449 1347 898
450 1350 900
451 1353 902
452 1356 904
453 1359 906
454 1362 908
455 1365 910
456 1368 912
457 1371 914
458 1374 916
459 1377 918
460 1380 920
461 1383 922
462 1386 924
463 1389 926
464 1392 928
465 1395 930
466 1398 932
467 1401 934
468 1404 936
469 1407 938
470 1410 940
471 1413 942
472 1416 944
473 1419 946
474 1422 948
475 1425 950
476 1428 952
477 1431 954
478 1434 956
479 1437 958
480 1440 960
481 1443 962
482 1446 964
483 1449 966
484 1452 968
485 1455 970
486 1458 972
487 1461 974
488 1464 976
489 1467 978
490 1470 980
491 1473 982
492 1476 984
493 1479 986
494 1482 988
495 1485 990
496 1488 992
497 1491 994
498 1494 996
499 1497 998
500 1500 1000
501 1503 1002
502 1506 1004
503 1509 1006
504 1512 1008
505 1515 1010
506 1518 1012
507 1521 1014
508 1524 1016
509 1527 1018
510 1530 1020
511 1533 1022
512 1536 1024
513 1539 1026
514 1542 1028
515 1545 1030
516 1548 1032
517 1551 1034
518 1554 1036
519 1557 1038
520 1560 1040
521 1563 1042
522 1566 1044
523 1569 1046
524 1572 1048
525 1575 1050
526 1578 1052
527 1581 1054
528 1584 1056
529 1587 1058
530 1590 1060
531 1593 1062
532 1596 1064
533 1599 1066
534 1602 1068
535 1605 1070
536 1608 1072
537 1611 1074
538 1614 1076
539 1617 1078
540 1620 1080
541 1623 1082
542 1626 1084
543 1629 1086
544 1632 1088
545 1635 1090
546 1638 1092
547 1641 1094
548 1644 1096
549 1647 1098
550 1650 1100
551 1653 1102
552 1656 1104
553 1659 1106
554 1662 1108
555 1665 1110
556 1668 1112
557 1671 1114
558 1674 1116
559 1677 1118
560 1680 1120
561 1683 1122
562 1686 1124
563 1689 1126
564 1692 1128
565 1695 1130
566 1698 1132
567 1701 1134
568 1704 1136
569 1707 1138
570 1710 1140
571 1713 1142
572 1716 1144
573 1719 1146
574 1722 1148
575 1725 1150
576 1728 1152
577 1731 1154
578 1734 1156
579 1737 1158
580 1740 1160
581 1743 1162
582 1746 1164
583 1749 1166
584 1752 1168
585 1755 1170
586 1758 1172
587 1761 1174
588 1764 1176
589 1767 1178
590 1770 1180
591 1773 1182
592 1776 1184
593 1779 1186
594 1782 1188
595 1785 1190
596 1788 1192
597 1791 1194
598 1794 1196
599 1797 1198
600 1800 1200
601 1803 1202
602 1806 1204
603 1809 1206
604 1812 1208
605 1815 1210
606 1818 1212
607 1821 1214
608 1824 1216
609 1827 1218
610 1830 1220
611 1833 1222
612 1836 1224
613 1839 1226
614 1842 1228
615 1845 1230
616 1848 1232
617 1851 1234
618 1854 1236
619 1857 1238
620 1860 1240
621 1863 1242
622 1866 1244
623 1869 1246
624 1872 1248
625 1875 1250
626 1878 1252
627 1881 1254
628 1884 1256
629 1887 1258
630 1890 1260
631 1893 1262
632 1896 1264
633 1899 1266
634 1902 1268
635 1905 1270
636 1908 1272
637 1911 1274
638 1914 1276
639 1917 1278
640 1920 1280
641 1923 1282
642 1926 1284
643 1929 1286
644 1932 1288
645 1935 1290
646 1938 1292
647 1941 1294
648 1944 1296
649 1947 1298
650 1950 1300
651 1953 1302
652 1956 1304
653 1959 1306
654 1962 1308
655 1965 1310
656 1968 1312
657 1971 1314
658 1974 1316
659 1977 1318
660 1980 1320
661 1983 1322
662 1986 1324
663 1989 1326
664 1992 1328
665 1995 1330
666 1998 1332
667 2001 1334
668 2004 1336
669 2007 1338
670 2010 1340
671 2013 1342
672 2016 1344
673 2019 1346
674 2022 1348
675 2025 1350
676 2028 1352
677 2031 1354
678 2034 1356
679 2037 1358
680 2040 1360
681 2043 1362
682 2046 1364
683 2049 1366
684 2052 1368
685 2055 1370
686 2058 1372
687 2061 1374
688 2064 1376
689 2067 1378
690 2070 1380
691 2073 1382
692 2076 1384
693 2079 1386
694 2082 1388
695 2085 1390
696 2088 1392
697 2091 1394
698 2094 1396
699 2097 1398
700 2100 1400
701 2103 1402
702 2106 1404
703 2109 1406
704 2112 1408
705 2115 1410
706 2118 1412
707 2121 1414
708 2124 1416
709 2127 1418
710 2130 1420
711 2133 1422
712 2136 1424
713 2139 1426
714 2142 1428
715 2145 1430
716 2148 1432
717 2151 1434
718 2154 1436
719 2157 1438
720 2160 1440
721 2163 1442
722 2166 1444
723 2169 1446
724 2172 1448
725 2175 1450
726 2178 1452
727 2181 1454
728 2184 1456
729 2187 1458
730 2190 1460
731 2193 1462
732 2196 1464
733 2199 1466
734 2202 1468
735 2205 1470
736 2208 1472
737 2211 1474
738 2214 1476
739 2217 1478
740 2220 1480
741 2223 1482
742 2226 1484
743 2229 1486
744 2232 1488
745 2235 1490
746 2238 1492
747 2241 1494
748 2244 1496
749 2247 1498
750 2250 1500
751 2253 1502
752 2256 1504
753 2259 1506
754 2262 1508
755 2265 1510
756 2268 1512
757 2271 1514
758 2274 1516
759 2277 1518
760 2280 1520
761 2283 1522
762 2286 1524
763 2289 1526
764 2292 1528
765 2295 1530
766 2298 1532
767 2301 1534
768 2304 1536
769 2307 1538
770 2310 1540
771 2313 1542
772 2316 1544
773 2319 1546
774 2322 1548
775 2325 1550
776 2328 1552
777 2331 1554
778 2334 1556
779 2337 1558
780 2340 1560
781 2343 1562
782 2346 1564
783 2349 1566
784 2352 1568
785 2355 1570
786 2358 1572
787 2361 1574
788 2364 1576
789 2367 1578
790 2370 1580
791 2373 1582
792 2376 1584
793 2379 1586
794 2382 1588
795 2385 1590
796 2388 1592
797 2391 1594
798 2394 1596
799 2397 1598
800 2400 1600
801 2403 1602
802 2406 1604
803 2409 1606
804 2412 1608
805 2415 1610
806 2418 1612
807 2421 1614
808 2424 1616
809 2427 1618
810 2430 1620
811 2433 1622
812 2436 1624
813 2439 1626
814 2442 1628
815 2445 1630
816 2448 1632
817 2451 1634
818 2454 1636
819 2457 1638
820 2460 1640
821 2463 1642
822 2466 1644
823 2469 1646
824 2472 1648
825 2475 1650
826 2478 1652
827 2481 1654
828 2484 1656
829 2487 1658
830 2490 1660
831 2493 1662
832 2496 1664
833 2499 1666
834 2502 1668
835 2505 1670
836 2508 1672
837 2511 1674
838 2514 1676
839 2517 1678
840 2520 1680
841 2523 1682
842 2526 1684
843 2529 1686
844 2532 1688
845 2535 1690
846 2538 1692
847 2541 1694
848 2544 1696
849 2547 1698
850 2550 1700
851 2553 1702
852 2556 1704
853 2559 1706
854 2562 1708
855 2565 1710
856 2568 1712
857 2571 1714
858 2574 1716
859 2577 1718
860 2580 1720
861 2583 1722
862 2586 1724
863 2589 1726
864 2592 1728
865 2595 1730
866 2598 1732
867 2601 1734
868 2604 1736
869 2607 1738
870 2610 1740
871 2613 1742
872 2616 1744
873 2619 1746
874 2622 1748
875 2625 1750
876 2628 1752
877 2631 1754
878 2634 1756
879 2637 1758
880 2640 1760
881 2643 1762
882 2646 1764
883 2649 1766
884 2652 1768
885 2655 1770
886 2658 1772
887 2661 1774
888 2664 1776
889 2667 1778
890 2670 1780
891 2673 1782
892 2676 1784
893 2679 1786
894 2682 1788
895 2685 1790
896 2688 1792
897 2691 1794
898 2694 1796
899 2697 1798
900 2700 1800
901 2703 1802
902 2706 1804
903 2709 1806
904 2712 1808
905 2715 1810
906 2718 1812
907 2721 1814
908 2724 1816
909 2727 1818
910 2730 1820
911 2733 1822
912 2736 1824
913 2739 1826
914 2742 1828
915 2745 1830
916 2748 1832
917 2751 1834
918 2754 1836
919 2757 1838
920 2760 1840
921 2763 1842
922 2766 1844
923 2769 1846
924 2772 1848
925 2775 1850
926 2778 1852
927 2781 1854
928 2784 1856
929 2787 1858
930 2790 1860
931 2793 1862
932 2796 1864
933 2799 1866
934 2802 1868
935 2805 1870
936 2808 1872
937 2811 1874
938 2814 1876
939 2817 1878
940 2820 1880
941 2823 1882
942 2826 1884
943 2829 1886
944 2832 1888
945 2835 1890
946 2838 1892
947 2841 1894
948 2844 1896
949 2847 1898
950 2850 1900
951 2853 1902
952 2856 1904
953 2859 1906
954 2862 1908
955 2865 1910
956 2868 1912
957 2871 1914
958 2874 1916
959 2877 1918
960 2880 1920
961 2883 1922
962 2886 1924
963 2889 1926
964 2892 1928
965 2895 1930
966 2898 1932
967 2901 1934
968 2904 1936
969 2907 1938
970 2910 1940
971 2913 1942
972 2916 1944
973 2919 1946
974 2922 1948
975 2925 1950
976 2928 1952
977 2931 1954
978 2934 1956
979 2937 1958
980 2940 1960
981 2943 1962
982 2946 1964
983 2949 1966
984 2952 1968
985 2955 1970
986 2958 1972
987 2961 1974
988 2964 1976
989 2967 1978
990 2970 1980
991 2973 1982
992 2976 1984
993 2979 1986
994 2982 1988
995 2985 1990
996 2988 1992
997 2991 1994
998 2994 1996
999 2997 1998
1000 3000 2000
